3.000000000000000000e+02 1.870425809164580414e+03 1.001899543836775592e+02 1.770235854780902855e+03
3.050000000000000000e+02 1.598677583557538583e+03 6.475712868333675942e+01 1.533920454874201823e+03
3.100000000000000000e+02 1.273632969335753160e+03 3.619902895301584067e+01 1.237433940382737319e+03
3.150000000000000000e+02 1.043468572159981704e+03 2.154122648876375479e+01 1.021927345671217950e+03
3.200000000000000000e+02 7.980403352947134863e+02 1.455151861521767387e+01 7.834888166794958124e+02
3.250000000000000000e+02 1.119785593861233110e+03 4.268270735687974593e+01 1.077102886504353364e+03
3.300000000000000000e+02 1.382084021600103370e+03 1.129360290503332180e+02 1.269147992549770152e+03
3.350000000000000000e+02 1.897573467692758868e+03 1.998069631773837500e+02 1.697766504515375118e+03
3.400000000000000000e+02 2.579998338671663532e+03 2.743989759465430325e+02 2.305599362725120500e+03
3.450000000000000000e+02 3.336663700907378370e+03 3.893857493140262704e+02 2.947277951593352100e+03
3.500000000000000000e+02 4.362838198596935399e+03 6.018060345921126100e+02 3.761032164004822789e+03
3.550000000000000000e+02 6.440069983248839890e+03 9.595420854127023631e+02 5.480527897836137527e+03
3.600000000000000000e+02 7.616759145238668680e+03 1.189712844718716951e+03 6.427046300519951728e+03
3.650000000000000000e+02 1.049387212253209145e+04 1.857046745346689931e+03 8.636825377185401521e+03
3.700000000000000000e+02 1.235468865345833001e+04 2.367681687319563935e+03 9.987006966138766074e+03
3.750000000000000000e+02 1.485813976527326486e+04 3.440201950192818913e+03 1.141793781508044594e+04
3.800000000000000000e+02 8.862659957270914674e+03 1.926170528177069173e+03 6.936489429093845501e+03
3.850000000000000000e+02 8.433382685034939641e+03 1.227219324134801354e+03 7.206163360900138287e+03
3.900000000000000000e+02 1.087777319802685997e+04 2.238940577091610976e+03 8.638832620935248997e+03
3.950000000000000000e+02 7.266229808855767260e+03 1.917118663508122154e+03 5.349111145347645106e+03
4.000000000000000000e+02 5.941000398756692448e+03 1.525682794305726020e+03 4.415317604450966428e+03
4.050000000000000000e+02 3.348695432186229937e+03 1.259427475596896329e+03 2.089267956589333608e+03
4.100000000000000000e+02 1.950673434591779369e+03 8.538014446986508119e+02 1.096871989893128557e+03
4.150000000000000000e+02 1.381229068223535933e+03 6.391508394117040552e+02 7.420782288118318775e+02
4.200000000000000000e+02 1.071720919976853565e+03 5.073542734482475680e+02 5.643666465286059974e+02
4.250000000000000000e+02 9.087815267091639271e+02 4.261017897013871334e+02 4.826797370077767937e+02
4.300000000000000000e+02 7.108217310056822953e+02 3.604044152254380720e+02 3.504173157802442233e+02
4.350000000000000000e+02 5.842459206772613243e+02 3.078451052318031884e+02 2.764008154454581359e+02
4.400000000000000000e+02 5.621663641523933848e+02 2.659323703421269443e+02 2.962339938102664405e+02
4.450000000000000000e+02 5.147097966082839093e+02 2.402609589494779812e+02 2.744488376588059282e+02
4.500000000000000000e+02 4.609922339568554435e+02 2.174038585429672139e+02 2.435883754138882296e+02
4.550000000000000000e+02 3.590227041419029774e+02 1.929398107726038631e+02 1.660828933692991143e+02
4.600000000000000000e+02 3.198014649643784537e+02 1.702825883321295635e+02 1.495188766322488902e+02
4.650000000000000000e+02 3.027771543802261363e+02 1.524490578049934868e+02 1.503280965752326495e+02
4.700000000000000000e+02 2.875032425490170453e+02 1.390570595872645754e+02 1.484461829617524700e+02
4.750000000000000000e+02 2.539167371988889670e+02 1.263756075574659548e+02 1.275411296414230122e+02
4.800000000000000000e+02 2.528833122255561534e+02 1.155714295855033811e+02 1.373118826400527723e+02
4.850000000000000000e+02 2.407683696256155486e+02 1.081780542411524095e+02 1.325903153844631390e+02
4.900000000000000000e+02 2.053573936171729031e+02 1.003416098201213060e+02 1.050157837970515970e+02
4.950000000000000000e+02 1.761728249248170073e+02 9.274405929694957251e+01 8.342876562786743477e+01
5.000000000000000000e+02 1.544707416081557767e+02 8.549508076254116418e+01 6.897566084561461253e+01
5.050000000000000000e+02 1.413125200981319267e+02 7.900006937288405595e+01 6.231245072524787076e+01
5.100000000000000000e+02 1.319322984673124211e+02 7.320309200910270420e+01 5.872920645820972396e+01
5.150000000000000000e+02 1.256595951071683430e+02 6.791824497740901734e+01 5.774135012975932568e+01
5.200000000000000000e+02 1.277169654862980082e+02 6.304126753451016896e+01 6.467569795178783920e+01
5.250000000000000000e+02 1.476563881468955799e+02 5.912306531893342765e+01 8.853332282796215225e+01
5.300000000000000000e+02 1.478408811685992248e+02 5.693363012475035134e+01 9.090725104384887345e+01
5.350000000000000000e+02 1.176937163153010886e+02 5.369367345224024746e+01 6.400004286306084111e+01
5.400000000000000000e+02 1.031750556469091862e+02 5.024281774769006148e+01 5.293223789921912470e+01
5.450000000000000000e+02 9.490456743830887376e+01 4.703445087657469514e+01 4.787011656173417862e+01
5.500000000000000000e+02 9.204660391406115139e+01 4.411679695772786403e+01 4.792980695633328736e+01
5.550000000000000000e+02 9.235066104386473285e+01 4.160567716133263616e+01 5.074498388253209669e+01
5.600000000000000000e+02 9.216756374298601884e+01 3.934049038259107789e+01 5.282707336039494095e+01
5.650000000000000000e+02 9.615309165095810329e+01 3.707724742131787110e+01 5.907584422964023219e+01
5.700000000000000000e+02 1.184740820757537989e+02 3.509870464609917917e+01 8.337537742965461973e+01
5.750000000000000000e+02 1.464990222960349229e+02 3.455889432332109834e+01 1.119401279727138245e+02
5.800000000000000000e+02 1.102744735304155057e+02 3.397277153362931301e+01 7.630170199678619269e+01
5.850000000000000000e+02 8.013110527344717582e+01 3.217948044910803418e+01 4.795162482433914164e+01
5.900000000000000000e+02 6.692297050431069749e+01 3.038320544695058345e+01 3.653976505736011404e+01
5.950000000000000000e+02 6.233142167982119730e+01 2.872710571154645010e+01 3.360431596827474721e+01
6.000000000000000000e+02 6.490598248785430258e+01 2.728215669504110252e+01 3.762382579281320005e+01
6.050000000000000000e+02 6.748313317535738065e+01 2.619898066821472327e+01 4.128415250714265738e+01
6.100000000000000000e+02 5.950416160907232666e+01 2.513947889933160695e+01 3.436468270974071970e+01
6.150000000000000000e+02 5.243001978320639012e+01 2.403411714421432421e+01 2.839590263899206590e+01
6.200000000000000000e+02 4.594261822032402875e+01 2.296296111321807132e+01 2.297965710710595744e+01
6.250000000000000000e+02 4.139393602632826230e+01 2.194070364968312958e+01 1.945323237664513272e+01
6.300000000000000000e+02 3.827148859443124707e+01 2.097934899772936745e+01 1.729213959670187961e+01
6.350000000000000000e+02 3.593447215454428800e+01 2.007632961485216683e+01 1.585814253969212118e+01
6.400000000000000000e+02 3.419625247553581460e+01 1.922693875363458105e+01 1.496931372190123355e+01
6.450000000000000000e+02 3.323090287547557864e+01 1.842782226560663617e+01 1.480308060986894425e+01
6.500000000000000000e+02 3.282561283491990878e+01 1.769226164291438863e+01 1.513335119200552015e+01
6.550000000000000000e+02 3.098714686594075474e+01 1.700333509003345256e+01 1.398381177590730040e+01
6.600000000000000000e+02 2.927936487636949892e+01 1.632349691097205380e+01 1.295586796539744689e+01
6.650000000000000000e+02 2.891569038220239563e+01 1.567036115273147878e+01 1.324532922947091684e+01
6.700000000000000000e+02 2.974934526071113083e+01 1.507739755501588874e+01 1.467194770569524209e+01
6.750000000000000000e+02 2.838425690246516453e+01 1.452591647911798844e+01 1.385834042334717608e+01
6.800000000000000000e+02 2.856696442043816475e+01 1.396899955606641619e+01 1.459796486437174856e+01
6.850000000000000000e+02 2.983263952057294688e+01 1.350810468333951420e+01 1.632453483723343268e+01
6.900000000000000000e+02 2.506802407586561188e+01 1.304294918788146340e+01 1.202507488798414848e+01
6.950000000000000000e+02 2.249053872490531347e+01 1.254404189842266959e+01 9.946496826482643883e+00
7.000000000000000000e+02 2.239640994312844313e+01 1.206698691530352541e+01 1.032942302782491772e+01
7.050000000000000000e+02 2.362782757632138697e+01 1.164590005482624058e+01 1.198192752149514639e+01
7.100000000000000000e+02 2.349706892230677013e+01 1.123424381196185529e+01 1.226282511034491485e+01
7.150000000000000000e+02 2.697766939772017025e+01 1.089052540614649089e+01 1.608714399157367936e+01
7.200000000000000000e+02 2.109197396300965721e+01 1.057197269673586604e+01 1.052000126627379117e+01
7.250000000000000000e+02 1.732083253381643573e+01 1.018863420888655114e+01 7.132198324929883704e+00
7.300000000000000000e+02 1.582035074374112504e+01 9.822589836089148818e+00 5.997760907651976225e+00
7.350000000000000000e+02 1.505194303513231091e+01 9.475597470426809110e+00 5.576345564705501801e+00
7.400000000000000000e+02 1.463712675877353497e+01 9.143324843338149321e+00 5.493801915435384764e+00
7.450000000000000000e+02 1.472565053546107805e+01 8.822919256018430190e+00 5.902731279442646972e+00
7.500000000000000000e+02 1.469030828763695951e+01 8.510986026717626274e+00 6.179322260919333232e+00
7.550000000000000000e+02 1.596575875689209489e+01 8.195548736654046706e+00 7.770210020238047299e+00
7.600000000000000000e+02 2.194876467860706626e+01 7.876709438733776381e+00 1.407205523987328988e+01
7.650000000000000000e+02 4.215044268638323643e+01 7.684244161921895966e+00 3.446619852446134047e+01
7.700000000000000000e+02 3.102480764316327466e+01 7.699301617175681400e+00 2.332550602598759326e+01
7.750000000000000000e+02 1.884341583248411212e+01 7.414156116348266323e+00 1.142925971613584579e+01
7.800000000000000000e+02 1.618517364496457489e+01 7.130628231757681235e+00 9.054545413206893656e+00
7.850000000000000000e+02 1.739291137558893396e+01 6.863191288548142310e+00 1.052972008704079165e+01
7.900000000000000000e+02 2.525852124774969099e+01 6.625680740591452178e+00 1.863284050715823881e+01
7.950000000000000000e+02 2.989171703552602111e+01 6.543789660862131541e+00 2.334792737466388957e+01
8.000000000000000000e+02 2.124575210293807004e+01 6.350860611048922522e+00 1.489489149188914752e+01
